1234
373153
2823
775034
5294
29823
1360
221103
5201
152694
522693
743007
7803
278597
7937
125629
1177
509007
844363
970928
992037
993859
994540
999140
999602
999903
999980
999997
1000000
1000092
6024
663143
747821
900559
990505
997967
999275
999283
999385
999916
999977
999990
999992
2786
632044
828210
4539
930142
939935
983144
992023
998330
998824
3557
366737
6696
41992
603332
883258
952412
955662
961422
989714
993662
998907
999312
999787
999915
999950
4161
724240
5468
425486
513204
648783
956788
996999
8114
258621
605389
724813
922737
977450
8497
926271
952218
980195
993667
997117
999798
999882
999994
999998
8870
664192
816210
924182
965820
982336
993538
994422
997490
998573
999563
4557
163455
612133
649360
759396
862697
994156
996885
998967
999015
999094
4255
866997
969790
984772
998840
8775
490970
848224
916177
989314
997371
997556
997901
998994
999008
999132
999560
999677
999760
999988
999999
6118
355495
573863
2136
606636
725006
756268
837535
863604
888021
964681
970645
987696
999921
4508
172531
553932
705751
752858
948129
973231
989810
993592
997602
999003
999118
999374
999859
999945
999955
999972
999973
999974
9485
293844
484056
5471
604024
644548
725652
6218
107581
136442
570720
909218
971246
979731
996472
998543
999257
999985
999993
999996
9080
55746
530894
797532
978813
982561
990309
7211
782875
993399
999473
999748
999853
999943
999978
999984
999989
999995
6515
745125
983321
989340
991950
998656
998955
999879
999911
999933
999967
999986
999987
2672
626453
949600
962230
973938
984986
998340
998991
999213
999640
7061
622844
628583
814507
847889
943682
955200
965163
992099
992615
997810
999731
8344
160341
795356
807086
888635
893302
909274
979562
998278
999770
999857
999959
999971
999981
999983
999991
1000048
1000060
1805
611765
811154
983899
986691
991826
8578
458345
752127
794052
937407
965299
985595
995936
999664
999838
999858
999975
999979
1000040
1000070
3575
185565
873706
922527
991717
999301
999669
999892
5506
327683
386508
674440
928523
946690
972631
975803
7523
971475
972736
994428
996837
998470
998970
999081
999203
999390
999603
999781
999938
999947
999966
999970
999982
8197
138435
153229
6062
767748
969870
969950
997106
997583
998103
999758
999789
5024
681038
914171
979341
982193
990487
995305
998990
999431
999459
999671
999920
999964
999965
5855
162544
578194
689816
869783
872678
968771
969789
994162
995295
995934
6506
602436
727506
805469
939744
976990
986388
1850
293265
887636
964782
986396
991375
996295
3139
632408
687271
939710
943820
992816
998378
999836
999868
999883
999956
999968
999969
999976
1000069
1000088
9188
71952
213591
712908
738255
915289
955179
4983
893067
894963
987980
4474
947943
964971
980336
9415
242363
260196
692200
939612
947981
963411
973309
997617
6307
183855
263234
319936
738478
824823
838114
869199
996662
3921
463239
917783
954256
975296
983551
986003
988731
991806
992274
998372
999117
999164
999730
999855
999946
999962
1000001
1000055
1000100
1000140
2693
266412
390046
482161
908636
996597
999022
999029
999183
999254
999628
4280
717841
802256
849683
913408
924151
952904
5594
568365
665346
3748
260547
768358
943626
986848
988436
994458
996366
3217
234429
776660
793457
926897
987704
990507
993414
995778
996114
4577
330393
857196
955485
987763
992988
993429
998358
999288
1860
112387
131141
356988
979812
980420
991368
993602
997596
998298
999866
999910
999941
999951
4462
11468
461873
910542
918610
960086
982645
995132
997089
999481
999690
999856
2203
459993
667585
752556
912045
983151
994178
995376
996022
998686
999087
999673
999958
999960
999961
1000006
1000017
1000058
1000087
3380
80169
637565
886815
900499
990241
995915
998203
998516
8298
153455
828546
917262
945447
986323
986732
1406
766209
862197
902813
977034
6925
106715
779723
951151
985879
995798
7971
495001
708246
913420
956404
972995
981800
990273
997638
999174
999272
999802
999865
999953
999963
1000011
1000035
1000047
5274
900704
976807
991838
995070
995527
995654
996532
997123
998790
999396
999623
999949
7325
548856
792321
970266
988770
998079
999771
4740
51052
686137
798931
896944
965954
997846
998529
999221
999247
999523
999639
999725
999917
999948
7077
15887
558958
761346
776622
944133
963178
985272
987920
996913
999607
999660
999828
999842
999873
999877
999923
7266
195511
937841
941372
975478
983465
989112
994642
998977
999111
999432
4913
699348
738719
802879
877445
921161
951771
978868
4207
876273
989146
992469
996107
999832
999833
999930
999932
999934
999942
999952
1000066
6464
628499
997472
998861
999695
999919
999957
1122
196830
722442
886021
965839
981689
993580
994135
994960
997289
998113
6214
943691
992716
998770
999252
999503
999721
999904
999940
999944
1000049
1000095
2960
916176
967959
997159
999531
999637
999813
999829
999914
3222
415430
888322
946566
987349
995167
995562
998555
8041
170354
402932
615543
658755
996449
996604
998326
999909
999954
1000041
1000051
1000076
1000079
1000093
1000096
8926
258757
517052
549367
841996
948972
969826
985904
990971
998663
6827
882631
976374
990651
994518
994792
995221
995917
999018
999532
999686
999837
999924
8734
14896
357164
797489
811503
975151
984851
2335
728172
843393
935764
951219
986294
993371
994439
997055
997313
999546
4928
476523
553759
991356
992568
998199
7661
609772
836166
963372
976644
999550
999936
1000067
1000072
1000099
1000173
1000183
1000186
1000193
1000199
1000200
3994
566809
744186
934623
971118
995215
995228
999611
999872
5053
199615
511180
897119
951304
980246
984603
995555
995589
996400
998952
999812
2134
600727
635475
919915
990081
998596
999926
999937
1000016
1000094
1000097
1000098
1000169
1000196
1000198
1000291
1000295
6686
609820
690061
982457
993043
998350
999750
999799
999815
999887
999927
1000012
1000034
1000068
1000075
1000082
1000086
1000089
1000091
2371
132291
146887
571808
757281
919756
931602
973408
989989
996302
997947
8503
579918
923530
976281
986969
5747
932478
936518
6340
59964
540634
882685
994665
997626
998118
999594
999922
999928
999931
999939
1000077
1000084
9097
698645
813312
997620
998756
999612
999675
999808
999821
999906
999935
1000045
1000080
1000081
1000090
6096
69192
872078
918789
919559
976707
978844
992020
993453
996628
999852
999907
999908
999912
999925
1000052
1000061
1000063
3353
122857
998193
999627
999670
999744
999793
999823
999880
999902
999929
1000054
1000057
1000071
3241
894673
981570
994543
997534
998804
6676
877132
932845
968453
978652
998255
998829
999535
999796
999893
999913
1000056
1000078
1000195
1000197
1000233
2121
323436
604294
985862
996704
4924
577661
956684
998679
999849
999886
999894
999899
999918
1000030
1000043
1000064
1000073
1000074
1000085
6576
208003
844182
967498
973285
988612
6766
82170
233809
290722
1864
429247
696797
907013
951403
957156
975039
982075
986058
991840
997098
998903
999035
999755
999797
1434
307715
853070
936291
971079
974494
995525
996820
998759
998788
999864
1000038
1000044
1000046
1000083
1000141
1000168
1000180
1000185
3653
246532
647177
931099
942674
992696
992863
997003
997925
999521
999801
999843
999900
999901
5950
733580
866342
902725
983007
983048
992379
996769
997134
998572
999185
999556
999806
999851
999905
1000039
1000187
4954
755610
814536
998012
998719
999292
999538
999614
999895
999898
1000042
1000050
1000059
1000065
1000112
1000129
1000146
1000153
1000175
1000190
3032
877068
953383
987711
994889
997936
999363
999599
999794
5108
456163
693919
963951
995364
2947
882376
948633
955701
971424
985548
996787
996863
4787
987823
998128
999559
999757
999845
999874
999891
1000022
1000037
1000164
1000194
1000245
1000290
1000293
1000296
1000298
1000300
1000331
1000355
1000378
8884
629595
976474
977699
991107
999195
999392
999586
999666
4967
56312
513191
909901
937514
975909
988670
9405
166868
675572
783196
981461
984698
995298
999869
999897
1000032
9157
725460
742239
849624
920746
948681
989273
994113
999062
999399
999665
999708
999816
999889
3617
733091
818039
840568
865429
991821
998145
998254
999434
999713
999768
999819
999850
999896
3461
932493
975462
989294
989710
989964
998438
998996
999745
999767
4622
449536
793875
984503
989472
999668
999711
999777
999818
999848
999888
1000028
1000062
1000184
1000189
2268
175175
988466
5119
131274
513792
6351
27362
939179
978964
988834
992833
994530
999060
999217
999460
999561
999577
999729
999772
999800
999890
1000053
1000142
1000143
5270
209787
742838
975859
989600
996413
998565
999679
4939
230609
424602
524585
574144
866708
975318
980623
990769
996094
996134
997426
997567
998300
999568
999588
999683
999735
8118
263594
770868
969024
5805
376983
658047
680482
755966
938187
996147
997347
998905
7415
46069
323295
881841
955411
961530
963504
968108
979628
997309
9304
670053
924336
960018
970968
996011
997961
998257
999327
5764
199972
719573
987743
998477
999412
999884
1000020
1000033
1000036
1000166
5019
23088
454808
622882
957577
988818
995115
998910
999571
999573
999689
999811
999830
999840
999847
7199
149626
176428
530946
819958
920256
944221
983192
990397
8483
834156
855208
2713
971787
982331
983124
9830
321126
999057
6229
217336
920789
927253
981635
9846
683852
878857
946122
987225
994442
996189
997427
997914
998613
999715
999795
6788
878919
939634
942014
954804
993790
995344
996003
996565
998215
999870
999875
6211
854444
938838
954474
3200
376821
640260
931316
992797
995717
996497
999622
999662
999726
999867
999885
1000027
1000157
1000162
1000191
8823
212664
731885
860321
864636
967548
997219
998940
999667
999752
999834
999841
999860
2209
599875
908763
917929
966770
982512
985150
991625
994125
999626
999769
999803
6527
625620
760860
978700
988193
1564
869683
971037
994488
998173
999055
999461
999616
999632
999694
999779
999814
999835
999876
2605
748468
891147
960195
979682
982515
996245
999456
999825
999881
1000005
1000029
1000125
1000174
1000176
1000179
1000182
1000192
1000234
3156
220251
453469
474732
577829
769444
978061
991363
992788
996935
999805
999871
8032
23098
763528
779101
972320
2758
345600
840316
847767
935159
974203
998862
998980
999564
999704
999775
999839
999863
999878
1000019
1000031
1000172
1000188
1000238
1000264
1000284
3999
655858
922905
940822
944423
946551
962209
966281
973605
979869
4241
824588
912454
931759
972052
977439
987076
998228
2965
31447
243222
418949
684712
766029
775417
969705
970011
977259
992965
996539
996716
997316
5291
921166
974864
993839
996622
999331
999439
999517
999629
999693
999773
999786
999807
999822
999862
1000013
1000015
1000024
1000025
1000026
1000127
7852
351938
855503
870620
918168
929142
946903
8245
232018
673746
720227
849843
8876
845553
972140
978871
997566
998515
998806
999604
999854
4303
592370
809390
823999
933160
971840
985475
993605
997024
997230
3124
597968
991417
996007
996230
998050
998216
999785
999790
6258
129161
828310
944992
7627
301006
445348
553818
684640
775291
871285
952323
983554
994130
997773
3435
126719
828569
999023
999506
999652
999702
999831
6893
490281
983349
8855
929254
954108
989313
991747
994203
997747
7359
187090
449781
653435
872610
906290
984685
991075
992090
993362
993942
994582
997240
997278
997684
998291
998733
999727
8171
112531
941207
989401
989534
1116
751781
931217
948592
955502
983417
999682
999739
999764
999788
9773
520631
584796
638713
951638
987726
991518
997553
999099
999351
999712
999746
999761
999784
7764
213012
816632
956740
2494
485336
589318
624744
712733
975725
993871
995166
996148
3793
141846
515160
787012
828456
874379
944653
976873
981351
3541
181676
317953
730875
841946
910289
934772
964155
969669
976748
995110
996423
3997
127020
563662
995793
997132
998253
999515
999547
999826
1000014
1000114
1000117
1000123
1000170
1000240
1000253
5938
45009
684205
763841
815966
864132
868344
882152
888672
937486
980074
981022
998177
999495
999654
999659
999774
3938
401537
764457
811414
9552
485633
517300
564530
705232
987723
994212
2795
889161
955323
966643
972219
993900
998073
998379
999470
999736
999780
999783
999792
7478
305905
547477
928443
948370
980041
985713
993497
3055
360900
579434
4782
226352
533220
987613
997787
998221
998551
999316
999411
999494
999502
999581
999703
999756
999824
1000007
1000009
2872
700338
898368
9122
726730
807850
886135
893808
990936
993591
995259
997557
998728
999394
999536
7141
651741
887175
919848
972712
991008
2129
339676
889779
927313
980040
983080
993507
995220
6882
528976
771645
793513
896082
999549
999579
999620
999753
999809
1000021
1000136
4847
990550
991706
996262
999250
999450
999537
999685
999710
1000010
4833
68699
262839
384920
665619
874457
979363
987751
2556
168853
318799
556304
977863
992012
992225
992368
995120
998623
999426
999509
999676
999718
999719
3861
292056
923803
950504
977141
994499
998889
999310
999636
999681
999684
999749
999751
1000008
1000108
1000110
1000134
1774
208239
977066
982805
991451
991536
998833
999333
999580
4320
365238
600441
654784
679326
867836
911613
941118
979266
983983
995952
2562
995130
999697
999754
6774
632093
830060
941561
948083
950164
953868
985560
991430
994081
997809
997877
998855
999413
999524
999674
999688
3086
778355
968180
995622
998761
999041
999389
999540
999706
999778
999804
999827
8625
34862
562248
897720
925663
934584
995022
996063
997375
998315
999234
999388
7343
434057
576104
669604
685873
789732
7929
591188
976487
6311
39343
622885
921217
982952
983663
997709
997966
998773
998849
998921
999619
999692
999762
999763
999844
1000115
1000150
1000154
1000178
5880
104544
679499
687403
935167
938645
975036
982878
7602
757516
786369
912494
943192
955810
985223
987082
991970
998006
999643
999707
1000004
1000126
1000137
1000165
6014
512905
570211
594174
826077
876833
928860
7111
76929
457813
863536
881365
980545
997411
998935
8684
636533
971203
984039
992807
992989
993467
994995
8172
406063
786377
987796
994812
997675
999497
999500
999717
999766
999810
1000023
1000120
1000145
1025
301936
534900
657730
886074
916268
956204
979009
986092
988745
998941
998972
999167
999214
999566
999687
999742
999846
2991
531081
896713
994958
998757
999716
4538
121008
762506
798547
861627
922041
977785
994758
996013
997681
998494
998825
999595
999598
4247
661867
905853
961858
969037
993407
997737
997831
997904
998082
998444
999279
999646
999776
999817
2939
756215
841428
875871
2025
77559
114119
236171
435795
837577
887778
918316
936069
998876
999650
999782
9215
115890
127460
494585
825697
860349
869344
973248
996631
997424
999661
999723
2817
497427
552976
920683
968764
986086
998461
998654
998948
9131
947059
964212
978051
986155
991581
998725
998853
3536
848701
862464
903764
950666
992868
994799
998339
998769
999036
999657
999680
999820
9973
919329
990016
996224
996367
998859
999112
999361
999393
999462
999471
999551
999737
5525
117250
933169
965593
999170
999277
999633
999765
1000018
1000159
1000177
1000181
1000281
1000297
1000299
1000389
4323
841479
996279
997577
998760
998838
998878
8192
118614
158427
298530
578743
907738
977311
978975
7035
381847
440586
605528
858562
882465
932526
989660
993435
7855
286731
497509
936141
998127
998968
999562
999589
999635
8683
658436
674111
784527
989850
990444
993938
998535
5315
355762
672185
837545
874119
963688
971868
981510
993117
994711
995656
996448
2179
103661
182158
649878
866549
866841
902180
946004
999086
999232
999740
4133
688207
933103
997461
997801
998309
999294
999498
999576
999585
999591
999653
6542
829395
884081
3085
755981
985473
994822
995303
995559
998998
999701
999741
2546
663273
766161
918605
950635
997680
997813
998902
999282
999507
999539
999672
999722
999759
4243
191257
303063
452117
505546
691317
910573
913329
920098
949763
964046
3421
882937
892916
999350
999455
999542
999696
999728
999743
1000002
8104
183501
652011
662603
866262
987381
993369
993486
996091
997600
997642
998690
999211
5535
336168
398187
607030
611053
728590
798734
804358
963606
996131
2212
788176
905217
931874
941287
970191
994016
997800
999089
4513
858531
867572
894235
994093
994513
995236
995841
999103
999492
999644
999705
999747
4007
424094
656069
911747
963973
988553
989450
996218
997935
999303
999605
999861
5555
143651
410003
843431
976682
991318
3906
528610
9792
848978
971649
995483
996544
998038
999027
3664
172019
260852
812678
966183
987915
8456
829588
974248
995521
997899
998577
998814
999188
999376
999488
9473
292799
824048
990970
992271
999285
999600
999610
999698
1000122
1000133
1000158
1000163
3728
670099
730453
897035
991289
991975
996836
999176
999296
999425
999490
999558
999709
2328
105625
319853
873029
909421
9794
177854
258614
493519
736220
942138
955202
988954
994779
997428
1112
566225
959545
982505
987537
998179
998633
999647
999651
999658
999732
1000131
1000149
1000167
1000263
1000271
1000288
1635
21447
348853
796029
1443
783515
894426
969058
994596
998901
999249
999615
999663
999791
1000103
1000135
1000144
1000156
2714
7797
287224
385631
998971
999130
999348
999383
999565
999608
1590
322270
818624
947475
994629
998039
998712
999463
999466
999530
999631
999734
6989
650147
669788
988564
990554
996821
997263
997635
998212
998746
999304
999321
1770
400027
821624
4311
563591
932278
950049
971532
989205
996868
999691
999738
9645
722426
734430
804659
849875
864482
964785
998920
999049
999239
999512
3343
127991
694536
971709
6658
660145
910000
965042
975875
983002
985577
996402
999255
999387
999613
3479
56993
510823
811012
815278
854275
954555
981554
987890
7352
934833
964066
966615
8019
356526
725764
835678
870185
985629
989110
989274
997166
999146
999356
999478
999529
999720
3080
75376
884324
950823
984081
986169
991771
996352
996877
998020
998827
998875
3292
523683
624568
771510
998324
998652
999298
999430
999465
999491
999587
999678
5455
710623
891526
896385
924694
990036
990445
991057
997763
999427
1476
801241
982803
989265
991854
994898
996832
999163
999329
999570
999617
3768
418876
650914
799385
989282
996284
997560
5556
507441
522224
991183
991741
999248
999320
999583
5537
23338
617755
994360
996392
996783
998251
999147
999260
999347
999700
999733
3640
71249
102221
541577
795565
929756
952508
971795
984470
985816
995844
997264
997550
998169
999575
999699
1000151
1000171
1000204
4173
164306
829548
7531
809416
875853
982302
997168
999486
999648
999649
7951
662268
803573
858512
6630
447627
700428
881388
901211
968200
999242
999371
999548
999592
999601
1000161
1000285
1000287
6015
718822
894258
981068
982072
989769
989999
995546
996523
996590
997206
998016
999630
999641
999656
8085
927643
947715
953162
966453
999044
999064
999197
999300
999724
7102
54039
958151
976921
996031
997393
998720
999010
999066
999415
999468
999593
3409
573944
691097
986288
986339
990291
990908
993428
996142
4632
298174
451726
818221
825291
931885
980503
999323
999569
999572
999609
8349
405818
650229
745193
753014
879837
961272
967927
991366
992487
998500
998946
999151
999377
999516
4564
478454
635264
811872
872284
878519
904835
937068
984317
995799
998434
999032
999161
999264
9801
662349
898617
925947
927533
942170
975773
993327
995468
997033
998013
999157
999435
999483
999513
999582
999597
999621
1000139
9731
804688
812753
981998
986380
990606
991766
997075
9156
336937
696399
3559
24582
347698
958910
974400
977987
998312
998361
998391
998432
999179
999194
999328
999487
999522
999557
1737
364194
739449
933878
962402
964334
997536
999410
999417
999472
999508
999625
9994
224291
732492
849338
867541
879503
900507
984825
993172
994051
5748
768011
810472
910307
921456
6302
857995
998302
999150
999467
999469
999480
999533
999634
4918
850227
857809
961497
995392
998868
999438
8999
411288
885267
978917
986812
997992
999173
999318
999342
999353
999476
999584
999638
1000152
1000272
1000294
1000340
8162
807767
840479
887128
899284
904612
910304
987623
1183
178358
907632
978516
980729
9324
141039
201923
429070
682863
943337
977448
995645
997111
998775
999451
999454
999519
1000003
1000132
1000147
1000255
1000256
1000266
1000275
1000289
3386
374684
535524
537507
939016
956996
991801
997978
998368
998673
999422
999440
999453
8126
676919
915158
955470
968702
985977
993478
998982
999134
999458
999520
999553
6070
198473
646319
670496
716218
743101
985565
990579
2695
445220
445489
5992
653058
700740
994277
995100
996171
997696
998831
998928
999243
8708
333259
814144
927676
1403
194837
812819
860526
888809
910321
991459
996370
998717
999541
999645
999655
1000130
1000155
1000239
1000274
1000280
1000283
1000292
1000391
1000393
3668
334027
859915
969692
989148
994556
994746
997499
998175
998776
999379
999445
999447
2620
7638
797088
914005
937067
957743
990198
994097
997591
997865
998002
999056
7339
727132
838700
853183
968807
988107
997329
998167
998246
9274
152860
191692
474131
606523
724030
932176
979278
989253
993948
998650
998657
999143
999305
999384
999511
999578
3704
175773
359160
681366
8750
429905
812920
933751
943308
986186
4777
933285
988996
989117
989176
993279
994192
998321
998346
998664
999001
999273
999402
999485
7875
137869
787730
964753
974245
7224
545369
979456
982710
986795
992145
997856
999182
999210
999552
2740
320355
611379
834722
982675
996359
998655
999155
999344
999345
999368
1713
789659
944882
6640
76903
950267
7461
751956
965741
970147
996788
999269
999360
999397
9295
113664
442960
501162
989857
991364
996543
996648
997883
998063
999404
3404
295260
960693
993798
997434
998186
6316
196330
673413
929108
943044
996334
7004
16041
570321
641573
795090
912163
945954
995585
998424
998603
6698
792915
981189
981704
982114
984038
984044
998219
998924
8879
319769
553431
675632
909033
988749
991723
995721
998056
998923
999198
999380
7739
533240
916374
992644
996893
997259
997753
998382
999253
999284
999423
999484
999555
1000128
1000148
8037
479244
891198
896710
909853
947119
983085
994302
998571
998771
998845
7202
223598
9362
423335
869078
911718
955880
984917
995529
996794
997525
997838
998694
999013
999042
999477
999544
1419
844756
852911
963279
985902
994258
997507
998666
998984
6951
104573
525300
572079
597228
709792
733198
988975
995325
998857
999505
7718
859617
881953
887800
6880
592964
830333
968822
988285
2827
26572
280906
343558
360340
804883
934568
949809
995806
1294
478742
948780
955915
972486
985617
4595
867314
989735
994874
997969
998626
999024
999154
999297
999391
999554
9647
303206
909662
962054
972916
988176
998414
998953
999235
999401
999441
999714
9034
691345
692344
791442
978101
990541
994586
995101
996676
998871
998886
999424
999574
4175
698443
833975
856487
913801
980680
985984
988726
997575
998087
998988
999005
999220
999496
2852
799257
883509
884294
943105
970197
981923
999124
999479
999545
8005
460960
752367
767682
890286
947304
951242
959841
978645
994522
995817
997315
998764
999271
999358
999474
7620
713851
831027
956595
960463
963541
966120
974228
983327
992286
999206
999442
999475
1000116
1000121
1000249
1000261
1000269
1000277
1000278
1000286
4667
263168
472767
494083
577789
725519
931931
942835
944908
967047
987636
997068
8663
698936
761640
859321
889532
922270
6555
154525
200688
5955
472396
905156
936118
988526
994049
994838
998116
9398
45402
958847
965400
999362
999510
999624
6473
140795
875140
907866
968158
987207
994748
995182
999011
999219
999527
9803
398629
453043
547320
852083
953682
993516
995678
999526
999528
4548
997797
998051
998261
3544
93914
791618
903313
2348
446750
868447
959386
964695
5728
482877
746156
767322
6490
933641
962646
964967
975085
997015
998236
998357
999006
999190
999406
999449
999464
1000118
1000262
1000268
7544
396343
449581
832032
6069
152849
702225
958863
959309
979323
979609
987559
993190
996145
996287
998209
998295
999106
999115
6767
842889
887730
982475
989388
989764
997844
999367
999378
999446
1000111
1000138
1000223
9410
834565
967399
971719
986188
989685
990905
996749
997910
998754
999359
8339
795748
928224
932517
985817
992756
993087
1188
97863
467999
646243
989320
991495
994888
995539
996925
999193
999246
1971
718045
773378
879050
914524
932603
935180
938880
965462
969123
996300
998381
1995
749165
975450
3218
29088
999364
999405
999416
999501
2056
273128
640964
978306
981649
8645
651946
765125
988573
990120
996705
997533
998139
999308
999332
999369
999504
999596
4328
237569
710440
929624
987359
2346
818029
935871
985391
987949
996586
999372
4532
224911
491835
538429
645787
705687
736091
8196
428141
574968
822899
7270
356787
544152
806953
905325
966482
981368
999189
999365
999436
999452
999457
999525
999590
9053
403999
849856
5137
474123
998454
998897
999071
999126
5161
296762
771703
957674
992436
993685
8306
973771
993251
994547
995746
996920
996958
997344
999180
999224
