5942
7479
5413
7594
729
9274
2454
5531
3705
51
4622
8713
3795
190
5051
9974
490
4260
553
656
6529
6985
9579
2667
1295
281
7851
1682
3465
2681
4812
5264
9039
266
6000
4694
2280
2686
7146
1210
5523
8579
7927
9505
951
7360
8282
1488
2516
5902
2043
9687
8957
386
2075
4651
270
8940
5433
2338
781
5948
3956
95
4659
3298
8990
3520
8455
7118
2334
7238
6818
3518
6395
6760
8435
4198
5713
6152
2937
5049
1694
683
5622
5188
3171
9960
3587
6575
9863
9873
5353
3145
908
5179
212
962
1724
3717
884
8431
1019
5442
8096
3051
2817
4386
9126
1074
3614
283
5338
7372
3633
6869
2458
6609
3319
422
2738
253
1188
1861
9650
3602
1634
9315
4182
4501
6875
857
4520
2971
6971
453
9886
1314
4392
2854
6827
2528
8675
9219
4528
8497
9906
4474
1381
5223
335
8919
615
3419
8811
1216
9610
1940
9840
443
2063
4115
4714
8526
7288
2149
7863
7511
2324
1289
6927
8087
8870
5806
6116
7163
3148
6383
8481
7132
4649
7898
4949
1160
1274
5508
5667
4295
5071
157
2915
5533
5619
6239
6082
8597
4009
5090
3683
8700
8479
9737
3183
5993
5772
8137
6989
3827
1727
6542
783
5317
403
7179
903
4202
4872
9545
416
8723
7686
1976
4314
1612
2470
2910
9065
1559
3811
8788
8575
2718
7648
2923
9156
1862
3853
1276
8135
4142
7469
5676
2674
1375
3307
4517
3199
2726
5062
6081
6512
8542
4512
1143
4350
4436
3394
2916
4503
1790
1839
9212
7168
4741
1989
4412
3815
8111
9782
6122
1864
6635
8833
4564
2163
3651
3299
6486
9516
817
6681
7668
6299
1438
1177
6234
9550
2011
851
9635
1907
6098
3891
479
9950
6636
1466
2322
2641
1618
8488
3213
8154
7016
1877
1077
985
3938
9509
7717
475
1195
6792
459
9062
5904
9023
1799
4539
4990
8256
3809
2943
65
42
777
4981
9243
7243
9095
1953
6722
6729
8276
7324
9590
6918
8836
5631
1961
3947
6577
3165
5812
5564
9354
9003
