2741
7049
5755
7797
2328
6684
9510
5748
7231
9430
4887
1606
7119
5572
7071
7172
6187
5901
5142
6089
322
8989
3441
8824
1595
2512
490
9481
8947
6768
8028
1681
3496
3855
6163
6297
9475
3344
158
5016
5619
7660
8805
2656
9525
2490
3083
8577
6314
404
5982
2706
2395
2677
5577
1086
337
1592
2619
3799
8416
6897
6558
478
3107
9785
599
3172
745
7476
4488
6185
9968
7645
5709
2532
4217
9049
1503
8879
6579
9790
7617
5097
8163
9612
3824
7127
572
9821
4849
566
3306
4038
9240
803
2745
6443
573
7565
5454
1268
8129
1245
5080
3613
5428
6127
513
3378
7345
5112
5645
5888
3940
1983
3364
5035
7051
7265
9051
5420
482
9830
8784
488
4528
3719
8870
6926
195
5260
5848
7834
5424
4990
5873
8796
5567
1136
5764
9491
2284
4897
2658
2228
2588
655
5680
4802
8923
7559
649
4165
7348
2432
9527
6179
7135
1700
2222
4822
9507
4679
7748
349
3893
2122
1333
1867
9912
8154
9397
1241
2681
3676
3206
8094
6574
7685
9213
1883
4376
1140
2946
1448
4962
6673
2691
9971
1519
2573
8523
9909
5816
4206
409
9358
5655
2199
3261
8735
330
7053
7268
851
2312
4951
7451
1571
9764
4827
5032
8363
9441
6519
9828
3163
9550
4612
660
2489
1415
3096
5104
1707
1407
9751
8757
9125
7490
7983
3866
1877
5704
2355
282
9865
6458
3322
936
8919
5853
3125
9421
3352
7536
5549
418
8361
6849
1214
4404
4014
1795
948
6871
7576
6371
5740
9248
1811
1933
9802
8344
2118
2134
4292
5538
1678
2509
8874
7225
1002
4099
5725
9860
6613
3957
5141
9374
4365
5756
1780
3985
201
9356
3762
3892
5351
1165
2018
3309
2487
7027
4618
8534
3493
8478
529
1604
7101
23
1748
9389
2543
1915
6639
1696
9096
6486
2301
6348
8535
32
1847
5685
6346
1406
3521
8806
136
547
2184
6528
2957
5290
6010
4159
1362
5781
6411
9782
3999
8689
9647
1381
9484
6333
3236
672
7234
1575
3268
1526
338
8164
