53764
55150
2902
4450
33866
28514
71491
95538
60504
88094
81595
25685
31353
61733
82101
96192
77480
91529
86673
52157
69739
14972
93636
85352
43158
72570
79345
72350
64254
99400
21193
26604
25041
63086
20567
83385
75261
88793
49015
43479
81277
39380
96692
74583
14282
75346
51793
63908
78568
82842
7115
12492
58281
60558
30463
52245
55710
95058
6077
88147
42761
3018
20858
29137
13458
18750
65259
19802
66092
36929
56836
78281
31884
24995
6010
43764
30193
39950
56277
58813
96182
64937
77563
92519
45022
51468
15510
38882
69942
33589
36071
16551
36552
57821
89594
37700
76207
73659
36607
39788
36083
74323
5308
73663
24953
28483
54136
25946
85050
52782
88740
81122
78303
25212
26066
47042
69413
7879
13960
65672
82338
38698
53869
72153
63039
19249
72487
94381
56275
24083
76475
83144
77578
55893
86092
7267
20553
62825
24153
91311
80452
90275
81679
67121
14
36515
31290
72704
49789
67348
46570
44406
70712
74200
72713
17201
10818
72662
80485
54381
67876
66963
26749
44090
46118
65528
77267
57383
92378
94098
78318
26607
51085
68205
71364
16241
14075
46765
53976
36268
5515
2053
22268
7031
44148
45110
29090
36204
15447
48458
40795
22699
6833
10426
98554
71205
45799
68723
95601
26167
82787
60928
47534
70421
34468
92327
82302
27759
58545
82351
28712
57802
44757
69908
76979
60151
57168
99978
34227
41791
44499
59988
36508
45731
27073
24908
42479
15127
91118
40798
92995
90735
23832
27551
8975
52548
36493
35781
34959
1623
80698
8251
84273
25663
1628
19736
34053
83084
20413
11395
86040
55838
60235
53899
49004
6665
33923
25705
44895
35254
68634
52046
58073
64452
26778
1383
89825
83900
37416
6679
74572
75228
47981
93671
69536
20619
98719
10354
87571
94311
82027
62160
8568
20871
46966
42502
39434
59874
33643
59769
58479
40867
55595
33555
55658
3468
51898
73834
57532
71255
64126
97420
32790
16909
23836
97754
46400
85533
15059
67526
55618
48574
81074
65359
90910
91426
51028
14480
93370
43260
17031
52989
96121
5434
22613
32853
91366
81039
72498
90900
20451
26375
85294
50836
3791
96580
54888
77384
86560
80285
14568
67734
4926
59329
54235
67307
54165
4372
82602
64697
87249
33054
47137
48605
6854
84983
37371
31477
41304
59485
49950
10275
34539
19519
74009
40722
33977
96421
60465
36126
24967
1060
42178
12106
26420
88065
248
34432
61374
98201
42854
27258
1397
12589
5551
21539
41630
54735
51588
6277
28438
80408
21265
66670
51849
22131
24789
18955
24899
7723
48306
18368
57927
40772
83351
75123
60553
1657
62782
51866
77394
93099
18313
4070
82974
95508
30737
36302
18395
55103
5826
51291
12034
98733
27284
91811
31513
52719
83988
93519
93068
42695
39384
21388
47043
70716
87598
62240
88171
67542
52993
43970
66782
36035
98859
23352
19640
35726
71675
53892
77329
60643
99274
29177
44129
76551
20523
16724
88328
54551
49426
247
32954
96560
96459
47966
25099
91789
43523
86021
87889
58266
68259
38511
21810
93973
10726
29433
53485
8772
65422
54222
54737
61975
87935
99319
26570
32979
96698
33723
70651
89689
35217
29761
13860
43081
85278
16127
30543
94715
72892
78985
24292
86742
14417
6436
66665
54034
54453
13208
22827
65450
2221
2138
25562
80488
29359
44702
20276
44473
39369
31844
26439
21394
26327
14820
48475
95343
51641
70363
96643
2060
71396
56522
52342
35455
38582
34678
33310
85144
91487
82031
47710
97694
21459
6873
12516
40620
32461
79064
46361
6670
89944
19123
83156
89706
56619
63464
48294
58167
69684
76281
60676
43006
21115
22453
17852
7795
45862
91295
43174
35388
32344
58682
55722
90824
26181
23218
91332
98604
45686
61805
51592
94102
76350
91891
69847
54505
5660
27898
60976
63249
61587
58287
1098
17534
57405
65546
86235
24760
80236
36412
72471
92550
84401
50534
92415
99087
34718
63025
93198
80911
69451
7507
56037
94659
27803
5548
51743
99013
43849
63800
72438
28992
67632
10716
3804
74547
2401
77260
85730
12169
26505
85034
53240
59177
36151
93739
79713
1861
2460
98605
93238
22171
66431
68684
70321
21528
29813
83504
58585
19936
8740
86216
72278
91335
10197
79712
86385
99636
51054
84733
43788
94075
2628
82582
1031
48286
98155
47495
26240
86215
46689
87439
56081
91581
38114
85100
20222
46527
50452
65788
72011
83924
98938
4036
33771
89986
52838
25176
92025
87678
44415
24803
91180
16609
95683
56133
38414
89370
97638
2806
70070
85992
24334
60411
64093
80685
16676
25863
95498
86462
92428
58188
58255
67226
83599
51462
4928
92510
7966
90392
55463
18453
89753
4999
25833
99831
79046
79946
39172
23264
60302
11975
66202
16408
6053
47380
30274
95090
89608
67971
24748
77304
66066
19119
35560
91543
75045
73673
75472
81065
20498
4408
43420
36914
58669
27834
83281
34194
32872
23157
33163
80544
40118
84113
38993
48139
13897
48941
84748
80237
6745
35138
14663
1640
58792
57855
20783
18772
37580
30247
898
20002
87453
51252
62148
38294
57337
59817
39518
24264
85049
58705
67502
67181
73865
13741
5585
77989
88765
7278
57635
58565
80697
79432
61895
86366
15837
34001
14477
50560
79448
71345
80137
11805
26229
55370
8932
65064
7693
66113
52998
86507
67923
17857
30724
4332
23449
62649
6532
58717
14766
50321
2190
53192
57413
74090
27911
25573
23088
77171
11853
98829
7571
3293
53704
1369
9694
96901
9230
50471
50652
38763
74689
33298
72735
10636
55158
56651
66141
46267
26598
29155
26764
66661
89196
18128
98049
79822
12241
90676
56694
99069
24601
41373
12334
66297
99733
23530
41781
52178
16809
72419
82463
76000
59100
10551
86811
64360
45928
95777
14670
10246
54003
99797
70510
96067
55683
47249
25566
93065
28960
72167
6258
38613
1563
53569
64514
98617
735
4219
69794
63843
74162
26766
68849
15855
55580
10992
50115
10074
23509
77878
46903
76294
31705
19192
65385
60209
93856
35423
80356
71192
70013
10803
12074
61632
30
99663
69122
84755
70586
45476
19333
38472
92635
10290
57742
63250
79568
7543
17680
23356
95115
85064
39940
73893
29327
27975
17186
64196
44018
85582
93780
33312
88858
53762
23790
83252
52667
65157
11619
92286
56297
54027
64673
47161
86431
63554
86826
81181
35246
63068
76041
35528
37500
43167
40205
80932
22029
72879
68699
6633
26615
47538
54001
47697
20170
31514
71859
53162
26903
60
80775
29713
80975
9778
66753
77769
77944
47935
37725
32258
92616
49163
33364
86339
15579
29618
82008
1372
92525
95489
17123
26509
54313
30266
69410
89094
33897
65384
3059
61466
10653
30472
20565
4030
37073
98613
38129
86113
75355
696
89375
17687
38590
18533
94617
63211
22292
68352
35512
21640
92804
80071
3394
32645
20241
10288
61860
95223
27029
9758
61281
33510
33098
73402
25772
36319
4790
31762
50982
23614
39697
22525
44936
81000
41879
37651
35651
74569
51215
95803
66519
9145
39962
55137
28511
50789
56244
39711
20580
63628
6992
33929
45662
82253
52943
3055
69884
18153
7889
93245
99134
3098
92235
52089
44279
17708
85723
53475
71734
87833
41822
38104
16985
40360
26410
86155
50245
37953
14726
14429
80115
67123
77662
76356
58385
97858
29679
72978
10817
18587
1120
34917
34413
34693
62476
58076
21368
44943
37322
52531
17290
97432
82798
17507
75557
24234
6912
55864
79675
76416
79112
47632
164
50916
82283
6902
22366
97277
90081
64379
7312
75349
7136
71826
15976
19617
63949
11272
60445
49867
12899
96826
28698
98197
89567
77431
49439
62579
85396
26414
23196
80018
98368
1770
7349
34529
52528
34131
69105
264
53360
5738
9103
44714
61763
44475
34799
14379
91601
8124
71463
48902
14675
72636
56545
12067
5775
98950
95063
14166
43195
67102
16692
64923
85678
76119
19402
5933
96783
51694
5802
93151
78215
54717
1496
40059
35237
27622
65649
628
8327
3395
95096
30293
37475
45915
82754
96556
96212
34269
3292
79657
53415
6333
51791
23714
57288
98419
24219
44688
97012
32900
87408
17803
93623
79457
34705
93167
14400
7111
95965
11503
9164
46333
31860
32583
27991
98564
60149
41029
26368
80448
13709
70448
76472
40929
3938
70349
71439
92143
47940
81913
77125
33528
84077
69893
13193
79894
87640
42997
92312
8594
19083
58333
35936
675
63620
1784
82809
35589
79048
67223
19015
75977
11248
28551
56904
2991
11961
92487
58010
72885
92567
45411
64397
78388
83112
29161
85793
66761
86301
70669
95788
68343
6719
30451
16833
12450
45406
70281
38868
87837
45160
26832
15950
90190
25436
3237
31959
51415
67197
98139
40312
39878
7372
33560
92902
32435
49577
19291
5652
54352
36212
25607
5889
71056
54830
5326
67741
65091
31030
77584
1426
57022
42473
41806
17690
3870
25793
13361
18923
76024
94906
28187
67560
18211
84357
85362
93414
54641
4307
45014
65905
3538
35432
1425
62410
2354
18612
5132
60186
11076
78888
34717
57719
7761
64385
1676
13790
91341
32263
40542
75940
98984
66699
99600
89414
15111
82786
68156
54257
44107
11241
156
50062
16954
80662
25472
81130
39111
36338
68838
77479
69931
96729
26085
76774
52703
52238
5527
32826
32719
76253
77539
40368
323
66695
33382
77321
87381
2370
11651
82607
41900
31104
83799
7237
3984
58031
26547
76344
10835
86893
66109
61654
24122
10479
20187
1684
55360
70598
43063
97963
41933
77489
46312
18502
20207
77112
14190
79169
72558
18823
48914
94301
34861
36936
30100
87069
20581
9567
16146
84970
66164
89738
3671
49742
91700
62294
51900
32132
66644
81782
32187
79656
66327
68863
76707
74275
64775
74555
12050
64421
68804
50152
76003
76036
56197
19849
74850
54108
78051
27847
68993
13426
61791
1900
61668
71076
19613
44482
85536
54051
49679
3157
46516
98946
79027
65204
11208
71129
20039
9632
66181
21001
24858
84588
89273
13268
33230
67085
95811
60914
44393
9954
83826
93609
48045
97115
31337
70157
68771
79047
6695
4168
48076
50206
78707
26538
95780
92601
1728
15157
93580
15418
5646
12610
71085
65395
37275
99792
91258
51795
10065
94652
60023
5579
46567
87486
78365
21662
81810
38627
16563
61100
3495
80123
9156
27827
73173
83501
28933
92091
28462
92297
67279
46433
523
40241
276
99220
53643
556
5256
57369
15990
86643
23446
42068
75028
50906
10003
80703
1048
58666
99465
82569
11788
72959
41699
14095
53375
71170
61631
62306
64967
7381
36648
96137
56385
71946
39666
90474
99704
50369
95534
4658
3148
190
90079
58602
78589
4723
98585
56893
94597
61469
6759
29141
29009
61360
59410
49486
36706
89863
32658
37090
82068
96734
75272
39832
70446
41657
21322
76827
47079
47356
83217
65733
486
38485
63691
13882
27259
20594
84957
18150
44182
12659
91145
14622
85878
55092
74962
32660
36725
35946
63641
10313
18452
19819
80294
51594
30144
12838
88426
55527
74830
70578
16036
49751
26869
71001
68842
93764
25015
64688
17043
56422
17211
87645
95563
63075
73669
47982
15966
70369
37003
8215
40505
84311
3998
69757
94461
18369
21768
29099
45619
75670
5980
12740
13420
76930
92306
18677
22317
77334
49986
68041
57968
27201
94286
47106
40139
92060
10541
20882
24573
2174
95087
95133
78717
89702
46510
72357
16216
97755
1796
11065
6682
7494
22842
76804
56730
8780
14088
22996
89990
26585
60176
90635
92834
54357
99232
67183
7877
32336
41401
20791
36134
26568
19445
55378
78162
69218
22965
59078
6504
76204
80333
94429
10725
72638
2912
13566
38831
15780
12032
27488
57767
50123
12923
12449
35603
35259
53379
48159
51137
71818
92376
63044
54726
99106
4983
19890
43658
67124
23911
81537
24110
71112
56491
95450
25053
24309
76869
77471
17344
70065
60112
3184
91883
7383
36409
77313
28680
53886
55475
69225
48839
37938
70993
72944
54535
19406
81390
29964
6330
5444
15769
34303
77246
73334
81020
49190
51995
14692
67738
6197
98479
3877
23520
72375
43953
68556
8807
12528
78300
97940
98051
35864
67755
73094
98505
61010
95119
82205
22405
95000
6561
56795
64460
13921
97492
15069
97302
41369
21195
29412
16290
30559
8207
63881
11644
15799
82616
31125
59930
3440
64627
94216
87954
38190
93570
54671
65349
56245
41377
8828
49905
24577
87912
55049
94237
10502
74017
5843
94032
74046
51986
65451
39824
22593
54787
49020
81678
62766
74444
22838
78858
51516
56143
98735
91276
67457
45446
3110
13081
52590
29027
24448
11220
18004
13974
70999
78803
3477
8235
17565
32739
35184
18293
8949
74229
7429
8195
39493
83232
34975
59375
75267
75130
93930
26039
7865
39079
18915
37784
105
30259
47854
2796
14025
78875
38349
97314
5283
12392
61545
53605
56122
25600
36333
80260
33695
94441
51205
58224
74655
17426
24709
39108
64917
11737
5596
21548
45970
44317
52519
3404
13824
27677
50046
45077
6989
74856
79471
79179
60352
88872
74093
37654
14191
51824
49825
24558
99744
70515
95718
88901
84887
61855
80326
52562
7920
25836
71350
50528
44063
19409
86309
28452
75462
97780
88227
17595
7653
62380
63392
41730
19811
52564
22877
14350
47581
26838
50428
18008
7087
5229
59663
89288
2749
22386
16120
14266
99853
44469
62021
8893
64317
9488
1647
61852
33602
45961
15427
39382
71657
3603
3859
26095
33321
81636
20450
30666
25199
49844
7137
37244
30577
69945
22844
60692
38890
36859
77113
93985
39141
38126
81438
11636
31653
349
5007
44899
5823
49295
19930
79566
80519
51738
53776
8455
44465
9032
35862
1280
38997
76155
53299
73570
49402
77830
59061
95250
19508
54922
43703
42442
63900
59283
18606
73605
12753
7825
79342
21191
66387
5221
16843
66532
9203
76206
86300
3444
55787
8973
4903
98824
43854
77761
96738
80141
36222
17839
29982
51207
62480
23342
55064
65972
15551
37213
36163
35134
61465
14202
52412
90235
53698
87872
56715
46030
46576
12365
5172
12303
1703
13146
92457
36176
76393
85560
68244
68614
74271
76589
83681
35166
47573
98694
42295
65011
40403
62725
35632
71148
19649
72315
77696
69507
63299
9398
45827
77670
69846
62952
42794
54828
50767
10885
36382
35831
5085
31877
63830
41082
32833
20727
72678
4720
91768
25127
8095
69533
58395
31083
29993
48844
83605
82660
28537
93680
6510
94670
24960
65869
16664
46248
6345
15226
63910
43258
27477
50495
21824
86561
42334
32840
72932
69326
36474
97321
27639
65809
42539
49501
62996
16819
24869
91242
11252
93273
30631
74045
79625
63079
62056
51059
34049
73776
19750
20874
41209
34527
95891
11515
18780
97536
4042
29239
6748
73853
45974
26908
46894
36954
8625
18105
44060
55190
13007
95651
72798
74645
89279
28487
42847
15015
83638
38302
62808
84032
66763
48614
17451
7606
53971
89398
1393
31826
58525
61801
96970
83143
45483
6878
37662
21224
53124
41142
32219
67274
34822
34969
12619
35266
62392
23031
96531
69305
68260
25037
176
11511
94004
22744
65399
50025
66151
4109
87245
65014
5409
24329
44349
45226
26295
35509
45757
91126
98903
17990
16316
85460
91805
47810
6925
70198
76468
49158
22567
80669
78633
87506
58920
55538
68875
35975
38596
60393
59087
53718
50544
10682
1508
94529
20290
76369
35517
41612
57156
70064
4696
16608
47999
32607
98298
16990
36788
86861
32176
81903
31774
10303
94271
41840
65934
37230
91563
17470
39785
58689
58430
72709
9686
88161
89666
39749
77346
44554
24077
24311
9560
12648
73032
3609
73537
50668
50419
12156
91044
47053
76249
74337
19809
90880
33483
23258
4368
11518
1109
86960
6914
1893
96675
63352
31040
99854
55588
8338
60077
11536
83270
29245
46087
10221
17374
6343
53782
60583
96249
4165
88415
97803
71354
89913
93527
75055
54309
5974
90601
65568
17694
27252
36988
26905
87607
87672
58770
81038
74100
46058
44381
23391
80080
53224
65358
94165
93837
70067
17207
12978
99373
44251
93934
51721
41166
88231
27343
37678
25585
50241
84995
25462
92132
98898
59995
99938
87259
80992
50658
1446
48167
15483
93236
62614
15666
87849
95005
54307
61359
23484
55024
90165
51607
99442
31188
6928
98502
8274
24717
56797
80547
72148
1340
64510
14224
46512
25059
57734
37572
51333
10509
99351
61834
33898
65694
81344
7017
38616
67580
2332
51913
89949
49807
365
22293
64930
98669
59404
29403
1625
92631
72305
21557
12901
1419
27370
28394
3545
11569
45854
43232
40357
3512
78063
6066
56332
31226
85712
38789
90157
3254
17641
54113
54298
79
44550
81971
90250
4056
15492
12700
51700
9373
85758
9178
5316
36965
80185
24797
34390
98002
30642
33487
73503
28555
104
98982
51113
46052
97721
59578
62183
77638
1574
52305
19118
86760
72657
22833
25499
26589
34145
97338
90066
91674
37422
20564
30526
42595
41672
40276
91476
9735
99197
31462
8822
26378
94650
23221
81550
83034
68077
33340
59501
50685
48520
25317
21686
73385
74696
57691
70420
2748
79377
1601
2083
26152
69028
944
84596
29677
83062
14742
37929
31634
12327
43108
42380
37984
67066
77634
99761
802
76976
14187
42126
37549
26881
7708
3863
72874
13925
26347
84129
93953
81322
11160
39586
42187
1809
25953
62484
68532
16844
83996
91590
83513
43790
76089
87361
93762
39761
50370
98888
61854
76547
8454
72140
16079
87712
68000
96548
31731
50050
90895
7298
25610
77403
50447
17220
15085
30800
56872
22649
3850
7814
88710
71917
66933
49157
58933
52188
29317
91922
15061
86270
77111
81482
63681
79932
43887
99909
92420
86954
64229
69769
53481
14045
13314
56728
84554
77695
2880
21788
11260
22549
66239
29234
8109
6934
28853
68609
68495
44718
21346
8875
71638
621
22979
42288
19294
89314
54748
3936
50191
90944
60513
29876
54519
29575
42689
71161
12088
19559
62321
11464
29817
24290
18247
21934
24779
10763
67331
66939
9442
88835
87477
35844
18953
53957
96164
9492
34996
67653
20003
52232
63724
13599
24682
72533
40315
40147
41637
56537
10149
20355
16
5373
19018
43694
28736
73024
60030
57045
60909
74341
14834
12267
26944
46918
82272
15100
16436
28161
5264
19663
8121
43080
359
77156
85765
18507
64654
79256
34369
63629
46841
43960
13200
85455
5709
1825
7981
77611
62149
29794
33383
47633
63199
77930
34973
87524
31218
86774
44675
75765
2589
96463
54972
25950
61141
70263
46309
43347
43152
89416
12036
88673
89330
96220
9080
20638
43228
9636
37311
21304
28937
1595
82117
71935
24441
45325
72779
55124
75922
7108
36853
14346
14005
34699
63266
37895
14990
27601
51011
35606
48736
88358
42842
96215
8915
69380
69557
88211
41836
98691
70327
99874
38807
14345
37439
81273
66056
89636
95089
62250
69025
71476
94998
37846
11274
70125
86995
93709
23298
59029
97358
27720
25848
13270
19262
49059
3219
46992
5893
61792
56913
83892
68601
91479
69743
93185
98480
72869
71117
41847
91015
31167
17543
58225
34875
90971
48642
32403
21755
70020
86615
35043
58615
92590
28564
71477
54399
94877
96302
19878
88987
60816
72545
67549
91908
37561
34816
16757
91785
69486
49647
20643
24766
12154
2072
3810
21039
69501
32422
49874
34565
7583
4223
85376
53726
35321
25525
79063
109
72268
57
84164
7254
14439
37310
41569
78182
31470
63903
78338
17261
63308
6488
60052
26661
22251
54312
85303
41558
71572
93631
62781
23319
50955
15565
86621
61952
42305
25693
34100
18566
38187
23008
12920
42081
51787
19342
84210
28764
16455
62707
93195
77207
83189
10929
42865
32601
36946
49215
37151
45622
3443
56516
80860
14249
23055
726
93261
2027
93849
69204
14505
94884
33162
91128
74538
14073
25589
74447
33108
56141
57117
42180
42148
15493
15339
64155
632
44751
94010
69745
58690
69390
43801
69592
63301
95326
47704
23268
83633
73389
29421
21537
32951
42692
43461
76980
69029
13144
13923
10838
51940
42818
71531
4773
61237
27314
15409
94423
26628
77361
78210
17804
56483
62125
51968
95998
3412
89507
47205
89002
13736
52649
16043
68427
27952
31142
7411
42590
32129
77319
57089
59032
50116
27902
42645
92663
48521
4763
17093
49338
21859
76267
96645
8977
19473
94357
39954
26301
29053
88026
19733
84834
75545
4646
64036
27854
63655
96314
6841
33475
38075
43279
75448
19627
79156
12563
58704
14034
43821
31523
53883
91630
85349
91945
52799
80027
67589
87911
42873
32088
20066
72178
80012
58137
22210
1567
21712
39796
14545
26722
80808
43972
12220
42973
6340
7573
89155
85333
25220
95053
55996
40330
44975
82640
57235
79819
2305
24282
26502
51890
83671
64750
44659
47924
67063
10935
82104
66314
46190
71116
88635
97299
64211
90252
78670
44922
92943
69378
94949
47016
37830
19764
44707
85479
30935
60181
23923
26114
7226
17688
96807
34326
46632
10021
14516
6007
79949
28611
75745
58138
71168
46124
92413
55832
52928
3212
85018
92430
25874
56505
59903
75253
43650
97310
9709
21865
53200
97440
3203
32639
2972
57777
66295
89792
71078
6523
57101
86660
89007
30788
18921
79978
56204
99094
97738
92949
71768
30151
42634
64561
33852
35378
54346
7685
17219
11764
67370
30156
47570
28710
92914
85577
64283
72228
11291
95226
67338
25905
80651
49067
10214
37204
9243
81641
73797
98182
36276
97035
6779
72546
93432
95296
93108
61137
24137
75429
32614
35992
7569
82661
93303
7304
72053
53790
67132
74126
31622
48777
51988
13267
69166
38824
1891
1704
42284
56828
79402
64520
55901
15320
73039
93160
49728
84252
73132
35065
50355
97674
3129
14232
38417
33010
9076
74403
23976
22201
86337
48931
60250
19035
96024
28582
83069
55921
1679
86276
59397
11991
70145
88698
91888
22117
10815
12118
23528
36847
19360
24451
8191
32956
62241
97283
52753
46982
14112
84627
67957
62603
97242
4816
65485
6889
10109
25990
12271
85548
1715
49028
34026
73616
26492
76397
30896
99584
83766
62045
70136
65056
40652
56559
7706
90473
16661
42121
85443
64160
2923
51997
9061
38409
44298
14060
40731
81137
85298
33621
52312
79174
90045
19064
16003
24539
71952
75673
25401
69728
19022
93537
56331
12678
43817
74484
24660
9372
85391
35407
36486
71413
9447
24108
98518
14917
2698
82497
39860
77923
7945
19689
34835
46594
10181
10120
71967
29545
55885
28099
75522
21870
35680
47853
68680
99483
67278
10600
90608
42059
8572
98645
56322
4460
12840
80062
90144
18670
11581
54630
44346
53012
45630
24743
86613
45906
3901
5232
50373
61835
80726
46490
73215
10125
49149
62528
89086
25267
38478
43256
26135
57398
90362
15102
47847
33293
29086
19289
7009
69383
62143
85181
56927
26027
94697
26161
49487
22913
15433
24373
18209
3896
2196
42954
17674
45578
48737
47631
47915
13907
60679
30036
65918
23928
88618
59165
67425
27894
99205
46504
82192
5976
75416
88037
62657
82925
41663
4310
82317
76770
9841
44301
21451
96615
94839
58348
94431
85101
40453
92913
84323
95687
45953
55545
41380
98561
78054
10987
20667
6555
26010
88195
11716
20773
90339
68380
63255
38980
6284
2887
65862
39598
84790
50799
90775
22470
94755
49520
73109
40032
40791
55726
98109
13916
6818
78039
58706
51528
12864
55054
79180
19056
66548
20186
85400
69435
11976
8159
36158
98468
70518
73627
35195
95452
68736
7873
38608
35379
75244
5825
13970
78750
79241
41034
23212
48124
6431
62124
1401
6565
21071
71841
79093
82966
80880
3346
46854
14924
27957
848
44264
45538
52340
20113
62773
6105
47253
57345
87441
31631
58592
26623
69388
38953
11616
8189
77807
72065
30461
29588
7281
18191
40046
52812
57241
97563
2237
77482
61868
46069
56535
17378
73957
25956
59390
22296
428
76407
50458
82047
4446
99504
66104
36396
3842
60550
1170
9197
93887
54670
64744
1309
58504
77855
21120
39213
26182
33752
61415
11403
82285
2686
28007
64669
87092
55304
1504
83161
45369
65620
62482
8603
39134
72626
15424
89357
21786
91858
40713
71520
53684
84674
95051
69613
56243
43939
16501
92191
96393
28468
44759
15863
53072
31185
28803
48429
47738
55471
95466
21119
95295
62762
45870
27177
35627
96341
43554
95518
95627
45750
48441
44949
37899
8795
27777
16068
97453
76740
42004
8154
76621
53626
7142
75601
92786
18826
89564
97264
8391
25996
54999
56324
36670
69869
97117
61142
57559
59824
76890
45100
44338
51731
89791
47219
85413
85568
75171
56084
42945
746
16419
76673
37870
32143
37684
39323
92688
21124
28959
78632
44629
13397
75046
85674
19075
24424
2834
888
25815
56530
97618
50864
40858
64403
8778
92048
17730
47720
11706
77742
90793
66247
3615
56454
53119
19844
21723
2059
41700
40933
74240
91037
83516
32467
58749
32091
76536
67355
98138
31444
14977
53328
23916
17079
24013
51775
67756
14872
72454
77614
40817
83028
76074
1790
7908
11682
79164
96329
75772
94334
53847
37148
30398
19180
22166
86570
1824
31733
61672
40658
71627
39868
5847
44210
79157
100000
13119
82089
72292
10999
21960
33454
63520
15450
13662
31091
24302
3077
50325
87628
55374
98281
70774
90371
79847
1519
22404
10026
54568
2427
93486
62893
55774
77470
98986
20927
66929
7215
21215
2726
90508
62540
52107
29303
7576
9188
24235
95193
31261
7521
57897
61305
78551
28695
82912
92247
86364
26886
27006
98894
64444
88312
79016
15113
11691
60579
87979
70269
22837
31495
29762
61276
53032
88090
51504
10645
31848
87634
69147
98389
19851
96859
34655
64717
75425
35707
26957
65005
63043
96363
10783
10698
91978
45063
16318
15213
81258
54501
39725
11776
68179
7744
50576
17169
75083
4778
84590
55877
55566
71530
20893
95367
68377
72534
74318
58533
95128
63156
58513
57169
90028
18416
1250
48655
17951
30697
3248
92158
75040
29938
35683
15807
94391
67046
64671
84270
53530
13851
5735
30908
6698
30031
16877
53385
56827
22280
60129
70819
18164
96203
52168
9580
36324
23691
34462
35773
7584
17707
28806
20082
96854
61513
68650
32295
96018
9812
31281
19865
74163
64277
94201
1036
12120
20416
12053
96322
69702
28177
37113
93881
61979
88550
73472
94703
77341
50806
77124
7993
74473
52296
43802
92488
48592
27610
55990
76087
86696
7663
1349
71059
42760
74399
50879
69581
49816
99876
98130
42793
55873
76563
5487
79702
31133
43383
36031
36645
54060
60047
81068
73778
23699
18394
4830
30124
99660
30904
89752
90898
51366
64582
59256
37513
38872
74130
65362
4729
49264
84065
77752
55056
10934
90928
58737
63739
77143
89270
92665
53655
81082
61943
46935
19706
98144
43337
9380
27505
92559
73064
68091
18523
50093
45296
94951
73395
67068
86295
60509
6760
22126
76852
18484
69553
64934
11401
76118
40644
72665
19310
92639
62012
64294
49425
72543
66086
88220
6386
10123
4787
52764
28741
54833
26606
50352
41471
49297
59924
58653
13520
56738
56595
53232
69751
51246
79749
58837
74750
5851
51206
44962
32316
85677
23956
60652
36198
56754
82071
43434
15805
83346
18217
5029
60737
86033
69130
8919
93786
21610
6499
97150
21698
37620
16838
20516
16376
82986
73274
41472
3016
14068
46458
47773
78609
65286
29339
42834
42421
1605
87913
67500
55681
99479
74192
67234
27778
16193
35368
2271
9715
68576
19287
49441
25697
15365
61713
67218
54314
55533
63874
49600
7609
32325
33821
47374
45194
19274
17872
10460
26921
98523
91199
68637
2931
89915
54338
69144
48872
90547
16099
20374
68415
96944
68628
68278
11860
97791
99652
71553
31503
74719
84940
72540
51733
93386
6495
57381
37389
52118
14803
30845
39314
16751
99982
46754
27199
865
58625
13565
57950
39182
80013
70240
5538
20062
25422
76684
30747
20219
4203
12300
42376
59845
98700
69177
62272
84499
24270
59099
11095
62581
54838
1803
24275
46910
36811
29265
29088
70005
55258
38235
56470
84064
53076
28978
82339
86306
17478
76681
16801
10264
32895
21286
63281
70186
83951
1415
21262
74120
49715
32788
3249
18940
9698
18058
32582
16749
91091
56448
53402
90088
65529
41268
98205
2624
60881
64165
36495
49138
3472
87580
67678
71840
6792
45058
86699
39407
59145
12647
2409
22401
24987
88605
25932
12922
36629
73931
89
70893
64537
49754
67816
90654
38476
3518
17060
44744
35438
96576
13866
77911
60237
50295
8342
17308
9034
1378
84729
84224
87617
46088
59696
77455
3032
29240
11303
18880
78636
8728
55333
38788
45781
4935
97640
13278
38168
82762
38615
46233
2246
29766
90368
56329
47739
60170
1365
23663
94891
15721
53051
95451
28847
49249
41677
22107
82750
25076
72270
96291
25475
98618
41062
46060
97915
35434
88261
114
55008
82824
20455
13578
68970
49322
19336
324
56148
37417
12985
5145
21502
64996
23145
58415
63378
72567
9800
74369
80151
73921
23513
8488
54583
69705
70440
94783
54591
51690
64708
38825
19898
80063
41230
31201
29252
94132
11063
93742
3269
39085
38780
95293
85656
9772
72313
24510
30302
3970
20926
43926
42625
24594
34836
49260
54733
82423
89147
32818
88604
65394
70930
39939
22152
28366
33893
53763
42357
91355
44979
4630
32274
5625
41817
61261
92173
61412
67023
76217
26855
89910
66707
8586
52073
70051
29055
43884
49368
20484
69479
43132
25915
69123
52781
62932
52692
90685
96418
71303
73429
14592
49029
33141
45795
97898
22703
31244
39069
54102
86128
85599
22873
25357
57853
44253
90486
93474
10780
78426
92465
38849
34470
75616
63684
23424
31420
96276
30455
85240
50324
30808
81301
54244
24307
91884
59943
9749
60390
76224
31202
81032
13206
76606
61771
25979
82835
55979
84404
64361
57256
82269
93487
35502
22742
48135
2689
52396
76821
91125
49921
38991
43910
94267
42398
55703
46442
98682
83838
43931
6631
68098
77562
53641
12522
47939
55110
50491
45228
32708
25493
24069
12779
80598
48260
12263
24002
45152
99231
59423
42469
2904
63470
97332
58520
78912
69324
2601
1712
64194
92394
17825
75394
19185
72922
78086
38937
76056
4936
48576
86748
32010
82267
94751
5591
16192
66000
92022
28304
45104
29281
88711
89673
78250
17695
31941
93541
85041
87586
77155
85679
96858
38670
27681
66231
9944
44535
14659
69717
2546
22908
32320
99611
54800
23857
46638
75665
70474
64398
33032
58491
21359
69811
33640
33608
42404
2043
74253
29242
47677
55646
47826
76279
12802
55557
47949
43270
49608
43346
33179
8039
99277
62656
55249
1298
81188
31732
83957
35028
74648
82111
45025
86496
60982
86166
84039
98287
73619
66300
19447
87605
33667
57273
75714
86650
63052
77957
69369
65086
40394
13950
85051
13502
82163
25014
41676
70362
67394
51269
89108
94984
40439
79213
11496
66033
17480
53040
3085
496
84649
83906
45596
43591
4668
80039
26686
32141
48778
57800
31465
62706
41908
91897
24158
68714
58461
94654
1006
81400
27313
72666
53022
8411
39717
45492
877
34404
18715
6050
54940
37472
7503
58148
31553
42628
19646
83772
44299
84822
55116
12060
66259
72794
61574
45631
92729
83335
63617
90615
38206
47770
35951
69901
99194
61711
62323
45385
96211
95708
53532
42953
53633
65304
78528
8739
45532
16910
3699
56253
75990
77519
