9518100
276482
4992537
62523
1790211
259985
9189923
893635
6912564
28710
2419359
7649477
11092
9383450
2927208
6053565
223027
3260381
228666
4815553
920139
883912
1518514
5480521
6888375
5552531
8201568
280994
5468674
1919880
992950
852513
9769105
646048
4839483
778114
8044038
969887
1996456
7552898
2600246
4941778
3459940
52244
3163596
1947773
2028944
2792159
603846
4645214
2216679
8923975
494442
8351255
2067239
3468568
8329101
3817157
3736017
1840090
7214086
2731295
8262149
434179
1103608
9153280
1045259
5497861
1214396
7214815
4681725
6173673
8840710
1593212
605821
6657427
1650183
1906060
16561
9137176
8058413
3068634
7617545
3633029
1610321
3378188
1796210
266261
3627350
9064441
7700240
5962048
3844510
4880223
1469114
6297482
2114318
1149633
5193612
7879229
6356803
538078
9586593
4710057
3901252
3878170
4056575
1390898
946964
2239167
1573079
